v2.0 raw
C00A0040
00040890
00000000
00000000
00000000
00000000
00000000
00000000
00000000
00000000
00000840
00000820
00000000
00000000
00000000
00000000
C0020140
00000840
C0020240
00000840
C0420040
80200C20
00000000
00000000
00000000
00000000
00000000
00000000
00000000
00000000
00000000
00000000
C0020140
00000840
C0020240
C0400C40
C0020140
00000840
C0020240
80200C20
00000000
00000000
00000000
C0020140
00000840
C0020240
C0400C40
C1020040
0A900844
C0020140
00000840
C0020240
84000C20
00000000
00000000
00000000
00000000
00000000
00000000
C0020140
00000840
C0020240
C0400C40
C0020140
00000840
C0020240
C1000C40
0A900044
C0020140
00000840
C0020240
84000C20
00000000
00000000
00000000
C0022040
00000840
C0024040
00018020
00000000
00000000
00000000
00000000
00000000
00000000
00000000
00000000
00000000
00000000
00000000
00000000
C0020140
00000840
C0020240
C0400C40
C1020040
2290088C
00000000
00000000
00000000
00000000
00000000
00000000
00000000
00000000
00000000
00000000
C0020140
00000840
C0020240
C0400C40
C0020140
00000840
C0020240
C1000440
2290088C
00000000
00000000
00000000
00000000
00000000
00000000
00000000
00000000
00000000
00000000
00000000
00000000
00000000
00000000
00000000
00000000
00000000
00000000
00000000
00000000
00000000
00000000
00000000
00000000
00000000
00000000
00000000
00000000
00000000
00000000
00000000
00000000
00000000
00000000
00000000
00000000
00000000
00000000
00000000
00000000
00000000
00000000
00000000
00000000
00000000
00000000
00000000
00000000
00000000
00000000
00000000
00000000
00000000
00000000
00000000
00000000
00000000
00000000
00000000
00000000
00000000
00000000
00000000
00000000
00000000
00000000
00000000
00000000
00000000
00000000
00000000
00000000
00000000
00000000
00000000
00000000
00000000
00000000
00000000
00000000
00000000
00000000
00000000
00000000
00000000
00000000
00000000
00000000
00000000
00000000
00000000
00000000
00000000
00000000
00000000
00000000
00000000
00000000
00000000
00000000
00000000
00000000
00000000
00000000
00000000
00000000
00000000
00000000
00000000
00000000
00000000
00000000
00000000
00000000
00000000
00000000
00000000
00000000
00000000
00000000
00000000
00000000
00000000
00000000
00000000
00000000
00000000
00000000
00000000
00000000
00000000
00000000
00000000
00000000
00000000
